% Forbidden line data, modified to allow selective read-in
% based on range of atoms and ionisation set in ATDAT.
%
% Data for 5 level atom approximation 
%
%   Refs include: Zeippen, Mendoza & Zieppen 1982 MNRASs
%                 Mendoza 1983, IAU 103
%                 Mendoza & Zieppen 1986 (MgV)
%                 AAp,50,141,Peq&Ald'76,@.5&1.0 (CI)
%                 Blum & Prahdan 1992 (OIV,NIII,CII electron rates)
%                 Kennan et al (CII proton rates)
%                 Launey & Roueff 1977 A&A (OI, CII H rates)
%                 Nuss&Storey'82
%                 Dufton et al. ApJ 257,338 (SIV)
%                 BUTLER&MENDOZA'84 (NeIII)
%                 Kingston et al 1983 JPhysB (SiII)
%                 Johnston and Kingston 1990 JPhyB (ArIII coll sts)
%                 Zieppen, Butler and Le Bourlot 1987 (ArIV coll sts)
%                 Daresbury ATW, 1985 (OI) courtesy Pat Harrington
%                 + many, many more, see perhaps  Luc Binette
%
% 	added CaV from mendoza data
% Updated 2009 March 04 by David Neufeld 
% Changes made to NeIII, SiIII and OIV data as follows, 
% using data downloaded from the TIPBASE database (from the
% IRON project (http://cdsweb.u-strasbg.fr/tipbase/home.html))
%
% NeIII: effective collision strengths and radiative rates from: 
% Butler K., Zeippen C.J. 1994, A&AS 108, 1
% Galavís M.E., Mendoza C., Zeippen C.J. 1997, A&AS 123, 159 
%
% SiIII: effective collision strengths and radiative rates from:
% Galavís M.E., Mendoza C., Zeippen C.J. 1995, A&AS 111, 347 
% Galavís M.E., Mendoza C, Zeippen C.J. 1998, A&AS 133, 245 
% Mendoza C., Zeippen C.J. 1982, MNRAS 199, 1025
%
% OIV: effective collision strengths and radiative rates from: 
% Zhang H.L., Graziani M., Pradhan A.K. 1994, A&A 283, 319
% Galavís M.E., Mendoza C., Zeippen C.J. 1998, A&AS 131, 499
%
%
% FORMAT:
% Title
% # of ions in file
% ion number   
% atom   ion  {read into the fatom and fion arrays to replace jion and iion}
% wi   {1x5}   stat weights
% ei   {5x5}   energy levels
% ai   {5x5}   trans probs
% omi  {5x5}   coll str
% tdep {5x5}   t dependence of omi (t4^tdep)
%
% RSS 8/90 ... 1/96
%
Five level line data v1.0.0r   
34
1
6 1
1 3 5 5 1 
0.000000E+00 3.252420E-15 8.619714E-15 2.024591E-12 4.300004E-12
3.252420E-15 0.000000E+00 5.367294E-15 2.021323E-12 4.296751E-12 
8.619714E-15 5.367294E-15 0.000000E+00 2.015972E-12 4.291384E-12
2.024591E-12 2.021323E-12 2.015972E-12 0.000000E+00 2.275412E-12 
4.300004E-12 4.296751E-12 4.291384E-12 2.275412E-12 0.000000E+00 
0.000E+00 7.930E-08 1.710E-14 7.770E-08 0.000E-00 
0.000E+00 0.000E+00 2.650E-07 8.210E-05 2.710E-03 
0.000E+00 0.000E+00 0.000E+00 2.440E-04 2.000E-05 
0.000E+00 0.000E+00 0.000E+00 0.000E+00 5.280E-01 
0.000E+00 0.000E+00 0.000E+00 0.000E+00 0.000E+00 
0.0000 0.3000 0.3000 0.1267 0.0280 
0.3000 0.0000 1.0000 0.3800 0.0840 
0.3000 1.0000 0.0000 0.6333 0.1400 
0.1267 0.3800 0.6333 0.0000 0.2770 
0.0280 0.0840 0.1400 0.2770 0.0000 
0.0000 0.0000 0.0000 0.9190 0.7580 
0.0000 0.0000 0.0000 0.9190 0.7580 
0.0000 0.0000 0.0000 0.9190 0.7580 
0.9190 0.9190 0.9190 0.0000 0.4990 
0.7580 0.7580 0.7580 0.4990 0.0000 
2
6 3
1 1 3 5 3 
0.000000E+00 1.038948E-11 1.039397E-11 1.040534E-11 2.032570E-11
1.038948E-11 0.000000E+00 4.646314E-15 1.586156E-14 9.936223E-12
1.039397E-11 4.646314E-15 0.000000E+00 1.121524E-14 9.931417E-12
1.040534E-11 1.586156E-14 1.121524E-14 0.000000E+00 9.920362E-12
2.032570E-11 9.936223E-12 9.931417E-12 9.920362E-12 0.000000E+00
0.000E+00 0.000E+00 9.590E+01 5.190E-03 1.790E+09 
0.000E+00 0.000E+00 2.390E-07 5.000E-12 1.420E-03 
0.000E+00 0.000E+00 0.000E+00 2.410E-06 1.350E+00 
0.000E+00 0.000E+00 0.000E+00 0.000E+00 1.790E-03 
0.000E+00 0.000E+00 0.000E+00 0.000E+00 0.000E+00 
0.0000 0.1111 0.3333 0.5555 3.1700 
0.1111 0.0000 0.9750 0.7760 0.1220 
0.3333 0.9750 0.0000 2.9700 0.3670 
0.5555 0.7760 2.9700 0.0000 0.6110 
3.1700 0.1220 0.3670 0.6110 0.0000 
0.0000 0.0000 0.0000 0.0000 0.0000 
0.0000 0.0000 0.0000 0.0000 0.0000 
0.0000 0.0000 0.0000 0.0000 0.0000 
0.0000 0.0000 0.0000 0.0000 0.0000 
0.0000 0.0000 0.0000 0.0000 0.0000 
3
7 1
4 6 4 4 2
0.000000E+00 3.818900E-12 3.820630E-12 5.728780E-12 5.728860E-12
3.818900E-12 0.000000E+00 1.730000E-15 1.909900E-12 1.910000E-12
3.820630E-12 1.730000E-15 0.000000E+00 1.908200E-12 1.908200E-12
5.728780E-12 1.909900E-12 1.908200E-12 0.000000E+00 7.670000E-17
5.728860E-12 1.910000E-12 1.908200E-12 7.670000E-17 0.000000E+00
0.000E+00 7.270E-06 2.200E-05 6.580E-03 2.710E-03 
0.000E+00 0.000E+00 1.270E-08 6.140E-02 3.450E-02 
0.000E+00 0.000E+00 0.000E+00 2.760E-02 5.290E-02 
0.000E+00 0.000E+00 0.000E+00 0.000E+00 1.000E-12 
0.000E+00 0.000E+00 0.000E+00 0.000E+00 0.000E+00 
0.0000 0.2900 0.1940 0.1130 0.0567 
0.2900 0.0000 0.2690 0.2660 0.1090 
0.1940 0.2690 0.0000 0.1470 0.0970 
0.1130 0.2660 0.1470 0.0000 0.0710 
0.0567 0.1090 0.0970 0.0710 0.0000 
0.0000 0.9100 0.9100 0.9300 0.9300 
0.9100 0.0000 1.0800 0.7200 0.8000 
0.9100 1.0800 0.0000 0.7800 0.6900 
0.9300 0.7200 0.7800 0.0000 1.1100 
0.9300 0.8000 0.6900 1.1100 0.0000 
4
7 3
2 4 2 4 6 
0.000000E+00 3.460703E-14 1.136008E-11 1.137193E-11 1.138796E-11 
3.460703E-14 0.000000E+00 1.132547E-11 1.133733E-11 1.135335E-11 
1.136008E-11 1.132547E-11 0.000000E+00 1.185611E-14 2.803810E-14
1.137193E-11 1.133733E-11 1.185611E-14 0.000000E+00 1.618199E-14 
1.138796E-11 1.135335E-11 2.803810E-14 1.618199E-14 0.000000E+00 
0.000E+00 4.770E-05 3.390E+02 8.950E+00 0.000E+00 
0.000E+00 0.000E+00 3.640E+02 5.900E+01 2.510E+02 
0.000E+00 0.000E+00 0.000E+00 0.000E+00 0.000E+00 
0.000E+00 0.000E+00 0.000E+00 0.000E+00 0.000E+00 
0.000E+00 0.000E+00 0.000E+00 0.000E+00 0.000E+00 
0.0000 1.4450 0.1980 0.2980 0.2010 
1.4450 0.0000 0.1510 0.3990 0.8440 
0.1980 0.1510 0.0000 1.1020 0.6680 
0.2980 0.3990 1.1020 0.0000 2.0440 
0.2010 0.8440 0.6680 2.0440 0.0000 
0.0000 0.1840 0.0630 0.0840 0.1830 
0.1840 0.0000 0.1640 0.1250 0.0890 
0.0630 0.1640 0.0000 0.0720 0.0910 
0.0840 0.1250 0.0720 0.0000 0.0800 
0.1830 0.0890 0.0910 0.0800 0.0000 
5
8 1
5 3 1 5 1 
0.000000E+00 3.145000E-14 4.509000E-14 3.152120E-12 6.712820E-12
3.145000E-14 0.000000E+00 1.360000E-14 3.120680E-12 6.681380E-12
4.509000E-14 1.360000E-14 0.000000E+00 3.107030E-12 6.667730E-12
3.152120E-12 3.120680E-12 3.107030E-12 0.000000E+00 3.560700E-12
6.712820E-12 6.681380E-12 6.667730E-12 3.560700E-12 0.000000E+00
0.000E+00 8.920E-05 0.000E+00 6.340E-03 2.880E-04 
0.000E+00 0.000E+00 1.740E-05 2.110E-03 7.320E-02 
0.000E+00 0.000E+00 0.000E+00 7.230E-07 0.000E+00 
0.000E+00 0.000E+00 0.000E+00 0.000E+00 1.220E+00 
0.000E+00 0.000E+00 0.000E+00 0.000E+00 0.000E+00 
0.00000 0.10500 0.02710 0.14778 0.01800 
0.10500 0.00000 0.03490 0.08866 0.01080 
0.02710 0.03490 0.00000 0.02955 0.00360 
0.14778 0.08866 0.02955 0.00000 0.10500
0.01800 0.01080 0.00360 0.10500 0.00000
0.0000 1.0200 0.9400 1.1000 1.0800 
1.0200 0.0000 1.2000 1.1000 1.0800 
0.9400 1.2000 0.0000 1.1000 1.0800 
1.1000 1.1000 1.1000 0.0000 0.5200 
1.0800 1.0800 1.0800 0.5200 0.0000 
6
8 2
4 6 4 4 2 
0.000000E+00 5.325890E-12 5.329760E-12 8.038780E-12 8.039000E-12 
5.325890E-12 0.000000E+00 3.870000E-15 2.712890E-12 2.713110E-12 
5.329760E-12 3.870000E-15 0.000000E+00 2.709020E-12 2.709240E-12 
8.038780E-12 2.712890E-12 2.709020E-12 0.000000E+00 2.200000E-16 
8.039000E-12 2.713110E-12 2.709240E-12 2.200000E-16 0.000000E+00 
0.000E+00 3.820E-05 1.650E-04 5.650E-02 2.320E-02 
0.000E+00 0.000E+00 1.200E-07 1.170E-01 6.150E-02 
0.000E+00 0.000E+00 0.000E+00 6.140E-02 1.020E-01 
0.000E+00 0.000E+00 0.000E+00 0.000E+00 2.080E-11 
0.000E+00 0.000E+00 0.000E+00 0.000E+00 0.000E+00 
0.0000 0.8010 0.5340 0.2710 0.1350 
0.8010 0.0000 1.1680 0.7300 0.2960 
0.5340 1.1680 0.0000 0.4080 0.2750 
0.2710 0.7300 0.4080 0.0000 0.2870 
0.1350 0.2960 0.2750 0.2870 0.0000 
0.0000 0.0000 0.0000 0.0000 0.0000 
0.0000 0.0000 0.0000 0.0300 0.0300 
0.0000 0.0000 0.0000 0.0300 0.0300 
0.0000 0.0300 0.0300 0.0000 0.0000 
0.0000 0.0300 0.0300 0.0000 0.0000 
7
8 4
2 4 2 4 6
0.000000e+00 7.665963e-14 1.419163e-11 1.421751e-11 1.425435e-11
7.665963e-14 0.000000e+00 1.411498e-11 1.414085e-11 1.417769e-11
1.419163e-11 1.411498e-11 0.000000e+00 2.587511e-14 6.271498e-14
1.421751e-11 1.414085e-11 2.587511e-14 0.000000e+00 3.683987e-14
1.425435e-11 1.417769e-11 6.271498e-14 3.683987e-14 0.000000e+00
0.000e+00 5.171e-04 1.724e+03 4.836e+01 0.000e+00
0.000e+00 0.000e+00 1.762e+03 3.147e+02 1.331e+03
0.000e+00 0.000e+00 0.000e+00 5.053e-05 0.000e+00
0.000e+00 0.000e+00 0.000e+00 0.000e+00 1.008e-04
0.000e+00 0.000e+00 0.000e+00 0.000e+00 0.000e+00
0.0000 2.5130 0.1397 0.2125 0.1507
2.5130 0.0000 0.1117 0.2905 0.6039
0.1397 0.1117 0.0000 1.1170 0.6971
0.2125 0.2905 1.1170 0.0000 2.0990
0.1507 0.6039 0.6971 2.0990 0.0000
0.0000 0.1125 0.1629 0.1918 0.3231
0.1125 0.0000 0.2979 0.2460 0.1982
0.1629 0.2979 0.0000 0.1011 0.0799
0.1918 0.2460 0.1011 0.0000 0.0919
0.3231 0.1982 0.0799 0.0919 0.0000
8
10 3
5 3 1 5 1
0.000000e+00 1.277321e-13 1.829568e-13 5.133320e-12 1.107494e-11
1.277321e-13 0.000000e+00 5.522471e-14 5.005588e-12 1.094721e-11
1.829568e-13 5.522471e-14 0.000000e+00 4.950363e-12 1.089198e-11
5.133320e-12 5.005588e-12 4.950363e-12 0.000000e+00 5.941618e-12
1.107494e-11 1.094721e-11 1.089198e-11 5.941618e-12 0.000000e+00
0.000e+00 5.974e-03 2.081e-08 1.730e-01 3.985e-03
0.000e+00 0.000e+00 1.159e-03 5.344e-02 2.028e+00
0.000e+00 0.000e+00 0.000e+00 8.269e-06 0.000e+00
0.000e+00 0.000e+00 0.000e+00 0.000e+00 2.563e+00
0.000e+00 0.000e+00 0.000e+00 0.000e+00 0.000e+00
0.0000 0.7748 0.2087 0.7539 0.0835
0.7748 0.0000 0.2442 0.4523 0.0501
0.2087 0.2442 0.0000 0.1508 0.0167
0.7539 0.4523 0.1508 0.0000 0.2693
0.0835 0.0501 0.0167 0.2693 0.0000
0.0000 0.0380 0.0247 -.0163 0.0035
0.0380 0.0000 0.0595 -.0163 0.0035
0.0247 0.0595 0.0000 -.0165 0.0039
-.0163 -.0163 -.0165 0.0000 0.0379
0.0035 0.0035 0.0039 0.0379 0.0000
9
10 4
4 6 4 2 4 
0.000000E+00 8.191160E-12 8.200080E-12 1.240250E-11 1.240380E-11 
8.191160E-12 0.000000E+00 8.920000E-15 4.211330E-12 4.212660E-12 
8.200080E-12 8.920000E-15 0.000000E+00 4.202410E-12 4.203740E-12 
1.240250E-11 4.211330E-12 4.202410E-12 0.000000E+00 1.300000E-15 
1.240380E-11 4.212660E-12 4.203740E-12 1.300000E-15 0.000000E+00 
0.000E+00 4.840E-04 5.540E-03 5.220E-01 1.270E+00 
0.000E+00 0.000E+00 1.480E-06 1.150E-01 4.010E-01 
0.000E+00 0.000E+00 0.000E+00 3.930E-01 4.370E-01 
0.000E+00 0.000E+00 0.000E+00 0.000E+00 2.680E-09 
0.000E+00 0.000E+00 0.000E+00 0.000E+00 0.000E+00 
0.0000 0.8340 0.5560 0.1560 0.3120 
0.8340 0.0000 1.3600 0.3730 0.9080 
0.5560 1.3600 0.0000 0.3390 0.5150 
0.1560 0.3730 0.3390 0.0000 0.3550 
0.3120 0.9080 0.5150 0.3550 0.0000 
0.0000 0.0000 0.0000 0.0000 0.0000 
0.0000 0.0000 0.0000 0.0000 0.0000 
0.0000 0.0000 0.0000 0.0000 0.0000 
0.0000 0.0000 0.0000 0.0000 0.0000 
0.0000 0.0000 0.0000 0.0000 0.0000 
10
10 5
1 3 5 5 1 
0.000000E+00 8.192000E-14 2.205200E-13 6.017340E-12 1.269630E-11 
8.192000E-14 0.000000E+00 1.386000E-13 5.935420E-12 1.261440E-11 
2.205200E-13 1.386000E-13 0.000000E+00 5.796820E-12 1.247580E-11 
6.017340E-12 5.935420E-12 5.796820E-12 0.000000E+00 6.678950E-12 
1.269630E-11 1.261440E-11 1.247580E-11 6.678950E-12 0.000000E+00 
0.000E+00 1.280E-03 5.080E-09 2.370E-05 0.000E+00 
0.000E+00 0.000E+00 4.590E-03 1.310E-01 4.210E+00 
0.000E+00 0.000E+00 0.000E+00 3.650E-01 6.690E-03 
0.000E+00 0.000E+00 0.000E+00 0.000E+00 2.850E+00 
0.000E+00 0.000E+00 0.000E+00 0.000E+00 0.000E+00 
0.00000 0.24400 0.12200 0.20600 0.02661 
0.24400 0.00000 0.57800 0.61800 0.07983 
0.12200 0.57800 0.00000 1.03000 0.13306 
0.20600 0.61800 1.03000 0.00000 0.54950 
0.02661 0.07983 0.13306 0.54950 0.00000 
0.0000 0.0000 0.0000 0.0000 0.0000 
0.0000 0.0000 0.0000 0.0000 0.0000 
0.0000 0.0000 0.0000 0.0000 0.0000 
0.0000 0.0000 0.0000 0.0000 0.0000 
0.0000 0.0000 0.0000 0.0000 0.0000 
11
12 5
5 3 1 5 1 
0.000000E+00 3.543877E-13 5.014863E-13 7.135336E-12 1.535264E-11 
3.543877E-13 0.000000E+00 1.471465E-13 6.780944E-12 1.499908E-11 
5.014863E-13 1.471465E-13 0.000000E+00 6.633754E-12 1.485217E-11 
7.135336E-12 6.780944E-12 6.633754E-12 0.000000E+00 8.218094E-12 
1.535264E-11 1.499908E-11 1.485217E-11 8.218094E-12 0.000000E+00 
0.000E+00 1.270E-01 1.010E-06 1.850E+00 2.450E-02 
0.000E+00 0.000E+00 2.170E-02 5.410E-01 2.140E+01 
0.000E+00 0.000E+00 0.000E+00 5.200E-05 0.000E+00 
0.000E+00 0.000E+00 0.000E+00 0.000E+00 4.230E+00 
0.000E+00 0.000E+00 0.000E+00 0.000E+00 0.000E+00 
0.0000 1.0310 0.2920 0.7406 0.0822 
1.0310 0.0000 0.3000 0.4443 0.0493 
0.2920 0.3000 0.0000 0.1481 0.0164 
0.7406 0.4443 0.1481 0.0000 0.1970 
0.0822 0.0493 0.0164 0.1970 0.0000 
0.0000 0.0000 0.0000 0.0000 0.0000 
0.0000 0.0000 0.0000 0.0000 0.0000 
0.0000 0.0000 0.0000 0.0000 0.0000 
0.0000 0.0000 0.0000 0.0000 0.0000 
0.0000 0.0000 0.0000 0.0000 0.0000 
12
12 6
4 6 4 2 4 
0.000000E+00 1.099628E-11 1.099993E-11 1.667067E-11 1.669169E-11 
1.099628E-11 0.000000E+00 3.555535E-15 5.674191E-12 5.695013E-12 
1.099993E-11 3.555535E-15 0.000000E+00 5.670628E-12 5.691424E-12 
1.667067E-11 5.674191E-12 5.670628E-12 0.000000E+00 2.079863E-14 
1.669169E-11 5.695013E-12 5.691424E-12 2.079863E-14 0.000000E+00 
0.000E+00 5.400E-03 1.200E-01 5.300E+00 1.300E+01 
0.000E+00 0.000E+00 1.500E-07 1.500E-01 2.400E+00 
0.000E+00 0.000E+00 0.000E+00 2.500E+00 3.800E+00 
0.000E+00 0.000E+00 0.000E+00 0.000E+00 1.600E-05 
0.000E+00 0.000E+00 0.000E+00 0.000E+00 0.000E+00 
0.0000 0.3190 0.2610 0.0960 0.1930 
0.3190 0.0000 0.5600 0.1670 0.4280 
0.2610 0.5600 0.0000 0.1490 0.2260 
0.0960 0.1670 0.1490 0.0000 0.2030 
0.1930 0.4280 0.2260 0.2030 0.0000 
0.0000 0.0000 0.0000 0.0000 0.0000 
0.0000 0.0000 0.0000 0.0000 0.0000 
0.0000 0.0000 0.0000 0.0000 0.0000 
0.0000 0.0000 0.0000 0.0000 0.0000 
0.0000 0.0000 0.0000 0.0000 0.0000 
13
12 7
1 3 5 5 1 
0.000000E+00 2.219491E-13 5.824952E-13 8.137300E-12 1.691915E-11 
2.219491E-13 0.000000E+00 3.605458E-13 7.915199E-12 1.669730E-11 
5.824952E-13 3.605458E-13 0.000000E+00 7.554583E-12 1.633616E-11 
8.137300E-12 7.915199E-12 7.554583E-12 0.000000E+00 8.782340E-12 
1.691915E-11 1.669730E-11 1.633616E-11 8.782340E-12 0.000000E+00 
0.000E+00 2.600E-02 2.400E-07 1.600E-04 0.000E+00 
0.000E+00 0.000E+00 8.000E-02 1.050E+00 3.450E+01 
0.000E+00 0.000E+00 0.000E+00 2.750E+00 3.500E-02 
0.000E+00 0.000E+00 0.000E+00 0.000E+00 4.070E+00 
0.000E+00 0.000E+00 0.000E+00 0.000E+00 0.000E+00 
0.0000 0.1560 0.0800 0.0890 0.0140 
0.1560 0.0000 0.3780 0.2670 0.0430 
0.0800 0.3780 0.0000 0.4440 0.0710 
0.0890 0.2670 0.4440 0.0000 0.1230 
0.0140 0.0430 0.0710 0.1230 0.0000 
0.0000 0.0000 0.0000 0.0000 0.0000 
0.0000 0.0000 0.0000 0.0000 0.0000 
0.0000 0.0000 0.0000 0.0000 0.0000 
0.0000 0.0000 0.0000 0.0000 0.0000 
0.0000 0.0000 0.0000 0.0000 0.0000 
14
14 3
1 1 3 5 3 
0.000000E+00 1.045260E-11 1.047792E-11 1.052983E-11 1.646093E-11
1.045260E-11 0.000000E+00 2.547461E-14 7.722493E-14 6.008324E-12
1.047792E-11 2.547461E-14 0.000000E+00 5.191053E-14 5.983010E-12
1.052983E-11 7.722493E-14 5.191053E-14 0.000000E+00 5.931099E-12
1.646093E-11 6.008324E-12 5.983010E-12 5.931099E-12 0.000000E+00 
0.000E+00 0.000E+00 1.670E+04 2.000E-03 2.600E+09
0.000E+00 0.000E+00 3.800E-05 3.200E-09 0.000E+00
0.000E+00 0.000E+00 0.000E+00 2.400E-04 0.000E+00
0.000E+00 0.000E+00 0.000E+00 0.000E+00 0.000E+00
0.000E+00 0.000E+00 0.000E+00 0.000E+00 0.000E+00 
0.0000 0.6000 1.8100 3.0200 5.8200
0.6000 0.0000 1.8100 3.6200 0.5000
1.8100 1.8100 0.0000 10.400 1.5000
3.0200 3.6200 10.400 0.0000 2.5000
5.8200 0.5000 1.5000 2.5000 0.0000
0.0000 -.3000 -.3000 -.3000 0.0000
-.3000 0.0000 0.0000 0.0000 0.0000
-.3000 0.0000 0.0000 0.0000 0.0000
-.3000 0.0000 0.0000 0.0000 0.0000
0.0000 0.0000 0.0000 0.0000 0.0000
15
14 7
5 3 1 5 1 
0.000000E+00 8.005116E-13 1.106069E-12 9.248895E-12 1.973257E-11 
8.005116E-13 0.000000E+00 3.055598E-13 8.448423E-12 1.893146E-11 
1.106069E-12 3.055598E-13 0.000000E+00 8.142970E-12 1.862614E-11 
9.248895E-12 8.448423E-12 8.142970E-12 0.000000E+00 1.048384E-11 
1.973257E-11 1.893146E-11 1.862614E-11 1.048384E-11 0.000000E+00 
0.000E+00 1.450E+00 1.820E-05 1.298E+01 1.050E-01 
0.000E+00 0.000E+00 1.940E-01 3.300E+00 1.480E+02 
0.000E+00 0.000E+00 0.000E+00 2.500E-04 0.000E+00 
0.000E+00 0.000E+00 0.000E+00 0.000E+00 5.500E+00 
0.000E+00 0.000E+00 0.000E+00 0.000E+00 0.000E+00 
0.0000 0.3170 0.0640 0.3860 0.0600 
0.3170 0.0000 0.1260 0.2310 0.0360 
0.0640 0.1260 0.0000 0.0770 0.0120 
0.3860 0.2310 0.0770 0.0000 0.0940 
0.0600 0.0360 0.0120 0.0940 0.0000 
0.0000 0.0000 0.0000 0.0000 0.0000 
0.0000 0.0000 0.0000 0.0000 0.0000 
0.0000 0.0000 0.0000 0.0000 0.0000 
0.0000 0.0000 0.0000 0.0000 0.0000 
0.0000 0.0000 0.0000 0.0000 0.0000 
16
14 8
4 6 4 2 4 
0.000000E+00 1.373964E-11 1.378924E-11 2.092791E-11 2.103428E-11 
1.373964E-11 0.000000E+00 4.917024E-14 7.187227E-12 7.293573E-11 
1.378924E-11 4.917024E-14 0.000000E+00 7.122544E-11 7.247273E-11 
2.092791E-11 7.187227E-12 7.122544E-11 0.000000E+00 1.063425E-13 
2.103428E-11 7.293573E-11 7.247273E-11 1.063425E-13 0.000000E+00 
0.000E+00 1.607E+00 1.046E+00 3.100E+01 7.500E+01 
0.000E+00 0.000E+00 1.600E-04 1.334E+01 2.217E+01 
0.000E+00 0.000E+00 0.000E+00 2.200E-01 1.242E+01 
0.000E+00 0.000E+00 0.000E+00 0.000E+00 1.300E-03 
0.000E+00 0.000E+00 0.000E+00 0.000E+00 0.000E+00 
0.0000 0.1680 0.2520 0.0610 0.1230 
0.1680 0.0000 0.3470 0.0980 0.1610 
0.2520 0.3470 0.0000 0.1140 0.2960 
0.0610 0.0980 0.1140 0.0000 0.1390 
0.1230 0.1610 0.2960 0.1390 0.0000 
0.0000 0.0000 0.0000 0.0000 0.0000 
0.0000 0.0000 0.0000 0.0000 0.0000 
0.0000 0.0000 0.0000 0.0000 0.0000 
0.0000 0.0000 0.0000 0.0000 0.0000 
0.0000 0.0000 0.0000 0.0000 0.0000 
17
14 9
1 3 5 5 1 
0.000000E+00 5.071478E-13 1.274920E-12 1.051603E-11 2.141986E-11 
5.071478E-13 0.000000E+00 7.677742E-13 1.000896E-11 2.091249E-11 
1.274920E-12 7.677742E-13 0.000000E+00 9.241150E-12 2.014479E-11 
1.051603E-11 1.000896E-11 9.241150E-12 0.000000E+00 1.090333E-11 
2.141986E-11 2.091249E-11 2.014479E-11 1.090333E-11 0.000000E+00 
0.000E+00 3.120E-01 5.500E-06 6.600E-04 0.000E+00 
0.000E+00 0.000E+00 7.670E-01 6.720E+00 1.970E+02 
0.000E+00 0.000E+00 0.000E+00 1.580E+01 1.410E-01 
0.000E+00 0.000E+00 0.000E+00 0.000E+00 5.100E+00 
0.000E+00 0.000E+00 0.000E+00 0.000E+00 0.000E+00 
0.0000 0.1010 0.0523 0.0560 0.0090 
0.1010 0.0000 0.2440 0.1690 0.0270 
0.0523 0.2440 0.0000 0.2820 0.0440 
0.0560 0.1690 0.2820 0.0000 0.0840 
0.0090 0.0270 0.0440 0.0840 0.0000 
0.0000 0.0000 0.0000 0.0000 0.0000 
0.0000 0.0000 0.0000 0.0000 0.0000 
0.0000 0.0000 0.0000 0.0000 0.0000 
0.0000 0.0000 0.0000 0.0000 0.0000 
0.0000 0.0000 0.0000 0.0000 0.0000 
18
16 2
4 4 6 2 4 
0.000000E+00 2.950520E-12 2.956830E-12 4.871820E-12 4.881130E-12 
2.950520E-12 0.000000E+00 6.320000E-15 1.921300E-12 1.930600E-12 
2.956830E-12 6.320000E-15 0.000000E+00 1.915000E-12 1.924300E-12 
4.871820E-12 1.921300E-12 1.915000E-12 0.000000E+00 9.320000E-15 
4.881130E-12 1.930600E-12 1.924300E-12 9.320000E-15 0.000000E+00 
0.000E+00 8.820E-04 2.600E-04 9.060E-02 2.250E-01 
0.000E+00 0.000E+00 3.350E-07 1.630E-01 1.330E-01 
0.000E+00 0.000E+00 0.000E+00 7.790E-02 1.790E-01 
0.000E+00 0.000E+00 0.000E+00 0.000E+00 1.030E-06 
0.000E+00 0.000E+00 0.000E+00 0.000E+00 0.000E+00 
0.0000 2.7900 4.1900 0.7590 1.5200 
2.7900 0.0000 7.5900 1.5200 3.3800 
4.1900 7.5900 0.0000 2.5600 4.7900 
0.7590 1.5200 2.5600 0.0000 2.3800 
1.5200 3.3800 4.7900 2.3800 0.0000 
0.0000 -.0800 -.0800 0.0000 0.0000 
-.0800 0.0000 -.1400 0.0000 0.0000 
-.0800 -.1400 0.0000 0.0000 0.0000 
0.0000 0.0000 0.0000 0.0000 0.0000 
0.0000 0.0000 0.0000 0.0000 0.0000 
19
16 3
1 3 5 5 1
0.000000e+00 5.933421e-14 1.654897e-13 2.249238e-12 5.395472e-12
5.933421e-14 0.000000e+00 1.061555e-13 2.189904e-12 5.336138e-12
1.654897e-13 1.061555e-13 0.000000e+00 2.083748e-12 5.229982e-12
2.249238e-12 2.189904e-12 2.083748e-12 0.000000e+00 3.146234e-12
5.395472e-12 5.336138e-12 5.229982e-12 3.146234e-12 0.000000e+00
0.000e+00 4.720e-04 4.610e-08 5.820e-06 0.000e+00
0.000e+00 0.000e+00 2.070e-03 2.210e-02 7.960e-01
0.000e+00 0.000e+00 0.000e+00 5.760e-02 1.050e-02
0.000e+00 0.000e+00 0.000e+00 0.000e+00 2.220e+00
0.000e+00 0.000e+00 0.000e+00 0.000e+00 0.000e+00
0.0000 2.3300 1.1080 0.8790 0.1219
2.3300 0.0000 5.4050 2.6370 0.3658
1.1080 5.4050 0.0000 4.3950 0.6097
0.8790 2.6370 4.3950 0.0000 1.2910
0.1219 0.3658 0.6097 1.2910 0.0000
0.0000 -.0071 0.1618 0.0005 0.0255
-.0071 0.0000 0.0719 0.0004 0.0261
0.1618 0.0719 0.0000 0.0002 0.0261
0.0005 0.0004 0.0002 0.0000 0.3843
0.0255 0.0261 0.0261 0.3843 0.0000
20
16 4
2 4 2 4 6 
0.000000E+00 1.887365E-13 1.413970E-11 1.420795E-11 1.431674E-11 
1.887365E-13 0.000000E+00 1.395096E-11 1.401937E-11 1.412800E-11 
1.413970E-11 1.395096E-11 0.000000E+00 6.841297E-14 1.770406E-13 
1.420795E-11 1.401937E-11 6.841297E-14 0.000000E+00 1.086276E-13 
1.431674E-11 1.412800E-11 1.770406E-13 1.086276E-13 0.000000E+00 
0.000E+00 7.730E-03 5.500E+04 1.400E-02 0.000E+00 
0.000E+00 0.000E+00 3.390E+04 1.950E+04 3.950E-04 
0.000E+00 0.000E+00 0.000E+00 0.000E+00 0.000E+00 
0.000E+00 0.000E+00 0.000E+00 0.000E+00 0.000E+00 
0.000E+00 0.000E+00 0.000E+00 0.000E+00 0.000E+00 
0.0000 6.4200 0.5100 0.8700 0.9500 
6.4200 0.0000 0.6600 1.4700 2.5300 
0.5100 0.6600 0.0000 3.0400 2.9200 
0.8700 1.4700 3.0400 0.0000 7.0100 
0.9500 2.5300 2.9200 7.0100 0.0000 
0.0000 -.0070 -.1600 -.1330 -.1210 
-.0070 0.0000 -.1220 -.1330 -.1230 
-.1600 -.1220 0.0000 -.1740 -.2130 
-.1330 -.1330 -.1740 0.0000 -.1960 
-.1210 -.1230 -.2130 -.1960 0.0000 
21
16 9
5 3 1 5 1 
0.000000E+00 1.586605E-12 2.112824E-12 1.158228E-11 2.437097E-11 
1.586605E-12 0.000000E+00 5.262178E-13 9.995359E-12 2.278593E-11 
2.112824E-12 5.262178E-13 0.000000E+00 9.469337E-12 2.225995E-11 
1.158228E-11 9.995359E-12 9.469337E-12 0.000000E+00 1.278958E-11 
2.437097E-11 2.278593E-11 2.225995E-11 1.278958E-11 0.000000E+00 
0.000E+00 1.140E+01 2.200E-04 6.500E+01 3.300E-01 
0.000E+00 0.000E+00 9.500E-01 1.420E+01 7.100E+02 
0.000E+00 0.000E+00 0.000E+00 7.600E-04 0.000E+00 
0.000E+00 0.000E+00 0.000E+00 0.000E+00 6.900E+00 
0.000E+00 0.000E+00 0.000E+00 0.000E+00 0.000E+00 
0.0000 0.2180 0.0450 0.2750 0.0430 
0.2180 0.0000 0.0920 0.1640 0.0250 
0.0450 0.0920 0.0000 0.0540 0.0080 
0.2750 0.1640 0.0540 0.0000 0.0710 
0.0430 0.0250 0.0080 0.0710 0.0000 
0.0000 0.0000 0.0000 0.0000 0.0000 
0.0000 0.0000 0.0000 0.0000 0.0000 
0.0000 0.0000 0.0000 0.0000 0.0000 
0.0000 0.0000 0.0000 0.0000 0.0000 
0.0000 0.0000 0.0000 0.0000 0.0000 
22
16 10
4 6 4 2 4 
0.000000E+00 1.636847E-11 1.659686E-11 2.521551E-11 2.557916E-11 
1.636847E-11 0.000000E+00 2.284450E-13 8.848058E-12 9.211582E-12 
1.659686E-11 2.284450E-13 0.000000E+00 8.619620E-12 8.982896E-12 
2.521551E-11 8.848058E-12 8.619620E-12 0.000000E+00 3.635255E-13 
2.557916E-11 9.211582E-12 8.982896E-12 3.635255E-13 0.000000E+00 
0.000E+00 1.502E+01 3.740E-01 1.400E+02 3.200E+02 
0.000E+00 0.000E+00 1.600E-02 5.747E+01 1.003E+02 
0.000E+00 0.000E+00 0.000E+00 2.900E-01 5.459E+01 
0.000E+00 0.000E+00 0.000E+00 0.000E+00 5.200E-02 
0.000E+00 0.000E+00 0.000E+00 0.000E+00 0.000E+00 
0.0000 0.1120 0.1700 0.0410 0.0830 
0.1120 0.0000 0.2310 0.0710 0.1170 
0.1700 0.2310 0.0000 0.0830 0.2100 
0.0410 0.0710 0.0830 0.0000 0.0940 
0.0830 0.1170 0.2100 0.0940 0.0000 
0.0000 0.0000 0.0000 0.0000 0.0000 
0.0000 0.0000 0.0000 0.0000 0.0000 
0.0000 0.0000 0.0000 0.0000 0.0000 
0.0000 0.0000 0.0000 0.0000 0.0000 
0.0000 0.0000 0.0000 0.0000 0.0000 
23
16 11
1 3 5 5 1 
0.000000E+00 1.038133E-12 2.461833E-12 1.334012E-11 2.641593E-11 
1.038133E-12 0.000000E+00 1.423713E-12 1.230169E-11 2.537657E-11 
2.461833E-12 1.423713E-12 0.000000E+00 1.087766E-11 2.395367E-11 
1.334012E-11 1.230169E-11 1.087766E-11 0.000000E+00 1.307581E-11 
2.641593E-11 2.537657E-11 2.395367E-11 1.307581E-11 0.000000E+00 
0.000E+00 2.720E+00 7.700E-05 2.400E-03 0.000E+00 
0.000E+00 0.000E+00 4.740E+00 3.360E+01 8.240E+02 
0.000E+00 0.000E+00 0.000E+00 6.950E+01 4.600E-01 
0.000E+00 0.000E+00 0.000E+00 0.000E+00 5.710E+00 
0.000E+00 0.000E+00 0.000E+00 0.000E+00 0.000E+00 
0.0000 0.0680 0.0330 0.0390 0.0060 
0.0680 0.0000 0.1600 0.1170 0.0180 
0.0330 0.1600 0.0000 0.1950 0.0300 
0.0390 0.1170 0.1950 0.0000 0.0590 
0.0060 0.0180 0.0300 0.0590 0.0000 
0.0000 0.0000 0.0000 0.0000 0.0000 
0.0000 0.0000 0.0000 0.0000 0.0000 
0.0000 0.0000 0.0000 0.0000 0.0000 
0.0000 0.0000 0.0000 0.0000 0.0000 
0.0000 0.0000 0.0000 0.0000 0.0000 
24
17 2
5 3 1 5 1 
0.000000E+00 1.383000E-13 1.980000E-13 2.314960E-12 5.537900E-12 
1.383000E-13 0.000000E+00 5.969000E-14 2.176700E-12 5.399640E-12 
1.980000E-13 5.969000E-14 0.000000E+00 2.117010E-12 5.339950E-12 
2.314960E-12 2.176700E-12 2.117010E-12 0.000000E+00 3.222940E-12 
5.537900E-12 5.399640E-12 5.339950E-12 3.222940E-12 0.000000E+00 
0.000E+00 7.570E-03 4.570E-07 1.040E-01 1.970E-02 
0.000E+00 0.000E+00 1.460E-03 2.920E-02 1.310E+00 
0.000E+00 0.000E+00 0.000E+00 9.820E-06 0.000E+00 
0.000E+00 0.000E+00 0.000E+00 0.000E+00 2.060E+00 
0.000E+00 0.000E+00 0.000E+00 0.000E+00 0.000E+00 
0.0000 2.1700 0.4430 2.1400 0.2530 
2.1700 0.0000 0.9330 1.2900 0.1520 
0.4430 0.9330 0.0000 0.4290 0.0507 
2.1400 1.2900 0.4290 0.0000 1.1500 
0.2530 0.1520 0.0507 1.1500 0.0000 
0.0000 0.0000 0.0000 0.0000 0.0000 
0.0000 0.0000 0.0000 0.0000 0.0000 
0.0000 0.0000 0.0000 0.0000 0.0000 
0.0000 0.0000 0.0000 0.0000 0.0000 
0.0000 0.0000 0.0000 0.0000 0.0000 
25
17 3
4 4 6 2 4 
0.000000E+00 3.586200E-12 3.599220E-12 5.922100E-12 5.941000E-12 
3.586200E-12 0.000000E+00 1.300000E-14 2.335900E-12 2.354800E-12 
3.599220E-12 1.300000E-14 0.000000E+00 2.322800E-12 2.341700E-12 
5.922100E-12 2.335900E-12 2.322800E-12 0.000000E+00 1.900000E-14 
5.941000E-12 2.354800E-12 2.341700E-12 1.900000E-14 0.000000E+00 
0.000E+00 4.830E-03 7.040E-04 3.050E-01 7.540E-01 
0.000E+00 0.000E+00 3.220E-06 3.030E-01 3.230E-01 
0.000E+00 0.000E+00 0.000E+00 1.000E-01 3.160E-01 
0.000E+00 0.000E+00 0.000E+00 0.000E+00 7.650E-06 
0.000E+00 0.000E+00 0.000E+00 0.000E+00 0.000E+00 
0.0000 1.2600 1.8800 0.6270 1.2600 
1.2600 0.0000 3.1900 1.2400 1.9100 
1.8800 3.1900 0.0000 1.3800 3.3300 
0.6270 1.2400 1.3800 0.0000 1.3400 
1.2600 1.9100 3.3300 1.3400 0.0000 
0.0000 0.0000 0.0000 0.0000 0.0000 
0.0000 0.0000 0.0000 0.0000 0.0000 
0.0000 0.0000 0.0000 0.0000 0.0000 
0.0000 0.0000 0.0000 0.0000 0.0000 
0.0000 0.0000 0.0000 0.0000 0.0000 
26
17 4
1 3 5 5 1 
0.000000E+00 9.773000E-14 2.665700E-13 2.734900E-12 6.465550E-12 
9.773000E-14 0.000000E+00 1.688000E-13 2.637170E-12 6.367810E-12 
2.665700E-13 1.688000E-13 0.000000E+00 2.468340E-12 6.198980E-12 
2.734900E-12 2.637170E-12 2.468340E-12 0.000000E+00 3.730640E-12 
6.465550E-12 6.367810E-12 6.198980E-12 3.730640E-12 0.000000E+00 
0.000E+00 2.140E-03 2.700E-07 1.540E-05 0.000E+00 
0.000E+00 0.000E+00 8.250E-03 7.230E-02 2.470E+00 
0.000E+00 0.000E+00 0.000E+00 1.790E-01 2.620E-02 
0.000E+00 0.000E+00 0.000E+00 0.000E+00 2.800E+00 
0.000E+00 0.000E+00 0.000E+00 0.000E+00 0.000E+00 
0.0000 0.4750 0.4000 0.6020 0.2520 
0.4750 0.0000 1.5000 1.8100 0.7570 
0.4000 1.5000 0.0000 3.0100 1.2600 
0.6020 1.8100 3.0100 0.0000 1.3900 
0.2520 0.7570 1.2600 1.3900 0.0000 
0.0000 0.0000 0.0000 0.0000 0.0000 
0.0000 0.0000 0.0000 0.0000 0.0000 
0.0000 0.0000 0.0000 0.0000 0.0000 
0.0000 0.0000 0.0000 0.0000 0.0000 
0.0000 0.0000 0.0000 0.0000 0.0000 
27
18 3
5 3 1 5 1 
0.000000E+00 2.209200E-13 3.119200E-13 2.783060E-12 6.608160E-12 
2.209200E-13 0.000000E+00 9.100000E-14 2.562140E-12 6.387240E-12 
3.119200E-13 9.100000E-14 0.000000E+00 2.471140E-12 6.296240E-12 
2.783060E-12 2.562140E-12 2.471140E-12 0.000000E+00 3.825100E-12 
6.608160E-12 6.387240E-12 6.296240E-12 3.825100E-12 0.000000E+00 
0.000E+00 3.080E-02 2.370E-06 3.140E-01 4.170E-02 
0.000E+00 0.000E+00 5.170E-03 8.230E-02 3.910E+00 
0.000E+00 0.000E+00 0.000E+00 2.210E-05 0.000E+00 
0.000E+00 0.000E+00 0.000E+00 0.000E+00 2.590E+00 
0.000E+00 0.000E+00 0.000E+00 0.000E+00 0.000E+00 
0.0000 3.4118 0.7301 2.9177 0.4518 
3.4118 0.0000 1.4102 1.7506 0.2711 
0.7301 1.4102 0.0000 0.5835 0.0903 
2.9177 1.7506 0.5835 0.0000 1.1667 
0.4518 0.2711 0.0903 1.1667 0.0000 
0.0000 -.0627 0.0209 -.0503 -.0427 
-.0627 0.0000 -.1442 -.0503 -.0427 
0.0209 -.1442 0.0000 -.0503 -.0427 
-.0503 -.0503 -.0503 0.0000 -.0681
-.0427 -.0427 -.0427 -.0681 0.0000 
28
18 4
4 4 6 2 4 
0.000000E+00 4.189560E-12 4.215170E-12 6.923970E-12 6.959150E-12 
4.189560E-12 0.000000E+00 2.561000E-14 2.734410E-12 2.769590E-12 
4.215170E-12 2.561000E-14 0.000000E+00 2.708800E-12 2.743980E-12 
6.923970E-12 2.734410E-12 2.708800E-12 0.000000E+00 3.518000E-14 
6.959150E-12 2.769590E-12 2.743980E-12 3.518000E-14 0.000000E+00 
0.000E+00 2.230E-02 1.770E-03 8.620E-01 2.110E+00 
0.000E+00 0.000E+00 2.300E-05 6.030E-01 7.890E-01 
0.000E+00 0.000E+00 0.000E+00 1.190E-01 5.980E-01 
0.000E+00 0.000E+00 0.000E+00 0.000E+00 4.940E-05 
0.000E+00 0.000E+00 0.000E+00 0.000E+00 0.000E+00 
0.0000 1.2706 1.9065 0.1564 0.3140 
1.2706 0.0000 6.0574 1.6361 2.4132 
1.9065 6.0574 0.0000 1.7439 4.3119 
0.1564 1.6361 1.7439 0.0000 2.4473 
0.3140 2.4132 4.3119 2.4473 0.0000 
0.0000 -.3391 -.3382 0.0713 0.0636 
-.3391 0.0000 -.0594 0.0150 -.0180 
-.3382 -.0594 0.0000 -.0276 0.0060 
0.0713 0.0150 -.0276 0.0000 0.1221 
0.0636 -.0180 0.0060 0.1221 0.0000 
29
18 5
1 3 5 5 1 
0.000000E+00 1.517000E-13 4.031000E-13 3.237840E-12 7.531230E-12 
1.517000E-13 0.000000E+00 2.513500E-13 3.086090E-12 7.379490E-12 
4.031000E-13 2.513500E-13 0.000000E+00 2.834740E-12 7.128140E-12 
3.237840E-12 3.086090E-12 2.834740E-12 0.000000E+00 4.293390E-12 
7.531230E-12 7.379490E-12 7.128140E-12 4.293390E-12 0.000000E+00 
0.000E+00 7.990E-03 1.240E-06 3.500E-05 0.000E+00 
0.000E+00 0.000E+00 2.720E-02 2.040E-01 6.550E+00 
0.000E+00 0.000E+00 0.000E+00 4.760E-01 5.690E-02 
0.000E+00 0.000E+00 0.000E+00 0.000E+00 3.290E+00 
0.000E+00 0.000E+00 0.000E+00 0.000E+00 0.000E+00 
0.0000 0.2570 0.3200 0.4130 0.1310 
0.2570 0.0000 1.0400 1.2400 0.3930 
0.3200 1.0400 0.0000 2.0700 0.6560 
0.4130 1.2400 2.0700 0.0000 1.2500 
0.1310 0.3930 0.6560 1.2500 0.0000 
0.0000 0.0000 0.0000 0.0000 0.0000 
0.0000 0.0000 0.0000 0.0000 0.0000 
0.0000 0.0000 0.0000 0.0000 0.0000 
0.0000 0.0000 0.0000 0.0000 0.0000 
0.0000 0.0000 0.0000 0.0000 0.0000 
30
20 2
2 4 6 2 4
0.0000E-00 2.7116e-12 2.7236e-12 5.0042e-12 5.0485e-12
2.7116e-12 0.0000e+00 1.2058e-14 2.2927e-12 2.3369e-12
2.7236e-12 1.2058e-14 0.0000e+00 2.2806e-12 2.3249e-12
5.0042e-12 2.2927e-12 2.2806e-12 0.0000e+00 4.4279e-14
5.0485e-12 2.3369e-12 2.3249e-12 4.4279e-14 0.0000e+00
0.00E-0 1.01e+0 1.01e+0 1.40e+8 1.40e+8
0.00E-0 0.00E-0 0.00e+0 7.90e+6 8.20e+5
0.00E-0 0.00E-0 0.00E-0 0.00e+0 7.48e+6
0.00E-0 0.00E-0 0.00E-0 0.00E-0 0.00e+0
0.00E-0 0.00E-0 0.00E-0 0.00E-0 0.00E-0
0.0000 5.8000 8.6000 5.3000 10.500
5.8000 0.0000 20.600 22.900 9.8000
8.6000 20.600 0.0000 3.4000 44.400
5.3000 22.900 3.4000 0.0000 1.0000
10.500 9.8000 44.400 1.0000 0.0000
0.0000 0.0000 0.0000 0.0000 0.0000 
0.0000 0.0000 0.0000 0.0000 0.0000 
0.0000 0.0000 0.0000 0.0000 0.0000 
0.0000 0.0000 0.0000 0.0000 0.0000 
0.0000 0.0000 0.0000 0.0000 0.0000 
31
20 5
5 3 1 5 1 
0.00000E-00 4.72667e-13 6.50662e-13 3.74043e-12 8.70764e-12
4.72667e-13 0.00000e+00 1.72995e-13 3.26276e-12 8.22997e-12
6.50662e-13 1.72995e-13 0.00000e+00 3.08977e-12 8.05698e-12
3.74043e-12 3.26276e-12 3.08977e-12 0.00000e+00 4.96721e-12
8.70764e-12 8.22997e-12 8.05698e-12 4.96721e-12 0.00000e+00
0.00E-0 3.10e-1 3.67e-5 1.90e+0 1.45e-1
0.00E-0 0.00E-0 3.54E-2 4.26E-1 2.31e+1
0.00E-0 0.00E-0 0.00E-0 8.42E-5 0.00e+0
0.00E-0 0.00E-0 0.00E-0 0.00E-0 3.73e+0
0.00E-0 0.00E-0 0.00E-0 0.00E-0 0.00E-0
0.0000 0.7600 0.2240 0.5022 0.0644
0.7600 0.0000 0.2020 0.3013 0.0387
0.2240 0.2020 0.0000 0.1004 0.0128
0.5022 0.3013 0.1004 0.0000 0.7930
0.0644 0.0387 0.0128 0.7930 0.0000
0.0000 0.0000 0.0000 0.0000 0.0000 
0.0000 0.0000 0.0000 0.0000 0.0000 
0.0000 0.0000 0.0000 0.0000 0.0000 
0.0000 0.0000 0.0000 0.0000 0.0000 
0.0000 0.0000 0.0000 0.0000 0.0000 
32
26 11
5 3 1 5 1 
0.000000E+00 2.517141E-12 2.868560E-12 7.498972E-12 1.597746E-11 
2.517141E-12 0.000000E+00 3.520039E-13 4.982637E-12 1.354109E-11 
2.868560E-12 3.520039E-13 0.000000E+00 4.629081E-12 1.308615E-11 
7.498972E-12 4.982637E-12 4.629081E-12 0.000000E+00 8.482695E-12 
1.597746E-11 1.354109E-11 1.308615E-11 8.482695E-12 0.000000E+00 
0.000E+00 4.300E+01 1.210E-02 9.100E+01 1.900E+00 
0.000E+00 0.000E+00 2.800E-01 9.300E+00 9.100E+02 
0.000E+00 0.000E+00 0.000E+00 1.680E-03 0.000E+00 
0.000E+00 0.000E+00 0.000E+00 0.000E+00 9.300E+00 
0.000E+00 0.000E+00 0.000E+00 0.000E+00 0.000E+00 
0.0000 0.2700 0.0860 0.1310 0.0160 
0.2700 0.0000 0.0600 0.0790 0.0090 
0.0860 0.0600 0.0000 0.0260 0.0030 
0.1310 0.0790 0.0260 0.0000 0.3420 
0.0160 0.0090 0.0030 0.3420 0.0000 
0.0000 0.0000 0.0000 0.0000 0.0000 
0.0000 0.0000 0.0000 0.0000 0.0000 
0.0000 0.0000 0.0000 0.0000 0.0000 
0.0000 0.0000 0.0000 0.0000 0.0000 
0.0000 0.0000 0.0000 0.0000 0.0000 
33
26 12
4 4 6 2 4 
0.000000E+00 8.256349E-12 9.154275E-12 1.471901E-11 1.599161E-11 
8.256349E-12 0.000000E+00 8.988586E-13 6.466398E-12 7.735505E-12 
9.154275E-12 8.988586E-13 0.000000E+00 5.567482E-12 6.842844E-12 
1.471901E-11 6.466398E-12 5.567482E-12 0.000000E+00 1.273383E-12 
1.599161E-11 7.735505E-12 6.842844E-12 1.273383E-12 0.000000E+00 
0.000E+00 5.305E+01 2.220E+00 1.901E+02 3.400E+02 
0.000E+00 0.000E+00 8.700E-01 6.991E+01 2.007E+02 
0.000E+00 0.000E+00 0.000E+00 3.300E-01 7.940E+01 
0.000E+00 0.000E+00 0.000E+00 0.000E+00 2.000E+00 
0.000E+00 0.000E+00 0.000E+00 0.000E+00 0.000E+00 
0.0000 0.0630 0.0950 0.0160 0.0320 
0.0630 0.0000 0.1410 0.3080 0.3320 
0.0950 0.1410 0.0000 0.2180 0.7290 
0.0160 0.3080 0.2180 0.0000 0.0580 
0.0320 0.3320 0.7290 0.0580 0.0000 
0.0000 0.0000 0.0000 0.0000 0.0000 
0.0000 0.0000 0.0000 0.0000 0.0000 
0.0000 0.0000 0.0000 0.0000 0.0000 
0.0000 0.0000 0.0000 0.0000 0.0000 
0.0000 0.0000 0.0000 0.0000 0.0000 
34
26 13
1 3 5 5 1 
0.000000E+00 1.848436E-12 3.687540E-12 9.548537E-12 1.629596E-11 
1.848436E-12 0.000000E+00 1.839689E-12 7.699526E-12 1.637657E-11 
3.687540E-12 1.839689E-12 0.000000E+00 5.862410E-12 1.453697E-11 
9.548537E-12 7.699526E-12 5.862410E-12 0.000000E+00 8.678743E-12 
1.629596E-11 1.637657E-11 1.453697E-11 8.678743E-12 0.000000E+00 
0.000E+00 1.400E+01 6.100E-03 4.100E-03 0.000E+00 
0.000E+00 0.000E+00 9.700E+00 6.900E+01 1.150E+03 
0.000E+00 0.000E+00 0.000E+00 8.400E+01 4.900E+00 
0.000E+00 0.000E+00 0.000E+00 0.000E+00 9.200E+00 
0.000E+00 0.000E+00 0.000E+00 0.000E+00 0.000E+00 
0.0000 0.0460 0.0630 0.0190 0.0020 
0.0460 0.0000 0.2670 0.0580 0.0070 
0.0630 0.2670 0.0000 0.0970 0.0120 
0.0190 0.0580 0.0970 0.0000 0.3430 
0.0020 0.0070 0.0120 0.3430 0.0000
0.0000 0.0000 0.0000 0.0000 0.0000 
0.0000 0.0000 0.0000 0.0000 0.0000 
0.0000 0.0000 0.0000 0.0000 0.0000 
0.0000 0.0000 0.0000 0.0000 0.0000 
0.0000 0.0000 0.0000 0.0000 0.0000 
