%
% version 2 for mappings 2
% incompatible with the old mappings
%
% Data for a 9 level atom approximation  
%
%
%  Fe VII 
%
% FORMAT:
% Title
% # of ions in file
% ion number   
% atom   ion  
% wi   {1x9}   stat weights
% ei   {9x9}   energy levels  in ergs 
% ai   {9x9}   trans probs
% omi  {9x9}   coll str
% tdep {9x9}   t dependence of omi (t4^tdep)
%
% 1/96
%
Nine level line data v1.0.0r   
1
1
26 7
5 7 9 5 1 3 5 9 1
0.000000E+00 2.089318E-13 4.632663E-13 3.472379E-12 3.982006E-12 4.059467E-12 4.228058E-12 5.747906E-12 1.332886E-11
2.089318E-13 0.000000E+00 2.543345E-13 3.263447E-12 3.773074E-12 3.850535E-12 4.019126E-12 5.538974E-12 1.311993E-11
4.632663E-13 2.543345E-13 0.000000E+00 3.009113E-12 3.518739E-12 3.596201E-12 3.764792E-12 5.284639E-12 1.286560E-11
3.472379E-12 3.263447E-12 3.009113E-12 0.000000E+00 5.096265E-13 5.870879E-13 7.556790E-13 2.275526E-12 9.856485E-12
3.982006E-12 3.773074E-12 3.518739E-12 5.096265E-13 0.000000E+00 7.746137E-14 2.460525E-13 1.765900E-12 9.346858E-12
4.059467E-12 3.850535E-12 3.596201E-12 5.870879E-13 7.746137E-14 0.000000E+00 1.685911E-13 1.688439E-12 9.269397E-12
4.228058E-12 4.019126E-12 3.764792E-12 7.556790E-13 2.460525E-13 1.685911E-13 0.000000E+00 1.519847E-12 9.100806E-12
5.747906E-12 5.538974E-12 5.284639E-12 2.275526E-12 1.765900E-12 1.688439E-12 1.519847E-12 0.000000E+00 8.932214E-12
1.332886E-11 1.311993E-11 1.286560E-11 9.856485E-12 9.346858E-12 9.269397E-12 9.100806E-12 8.932214E-12 0.000000E+00
0.000E+00 2.980E-02 1.340E-09 3.600E-01 9.370E-02 3.550E-02 1.930E-02 5.550E-04 1.670E-01
0.000E+00 0.000E+00 4.240E-02 5.770E-01 0.000E-00 5.250E-02 7.690E-02 3.140E-01 0.000E+00
0.000E+00 0.000E+00 0.000E+00 1.550E-03 0.000E-00 0.000E+00 4.960E-02 4.540E-01 0.000E+00
0.000E+00 0.000E+00 0.000E+00 0.000E+00 2.070E-07 4.370E-02 1.560E-01 1.230E-03 2.170E+01
0.000E+00 0.000E+00 0.000E+00 0.000E+00 0.000E+00 1.060E-03 1.390E-08 1.740E-05 6.930E+00
0.000E+00 0.000E+00 0.000E+00 0.000E+00 0.000E+00 0.000E+00 7.620E-03 0.000E+00 1.390E+00
0.000E+00 0.000E+00 0.000E+00 0.000E+00 0.000E+00 0.000E+00 0.000E+00 0.000E+00 0.000E+00
0.000E+00 0.000E+00 0.000E+00 0.000E+00 0.000E+00 0.000E+00 0.000E+00 0.000E+00 0.000E+00
0.000E+00 0.000E+00 0.000E+00 0.000E+00 0.000E+00 0.000E+00 0.000E+00 0.000E+00 0.000E+00 
 0.0000  1.3569  0.3584  0.5057  0.1516  0.2838  0.1490  0.5213  0.0359
 1.3569  0.0000  1.4454  0.6596  0.0971  0.3761  0.4160  0.7384  0.0523
 0.3584  1.4454  0.0000  0.7864  0.0561  0.2459  0.9410  0.9621  0.0708
 0.5057  0.6596  0.7864  0.0000  0.0962  0.2845  0.5095  0.3887  0.2393
 0.1516  0.0971  0.0561  0.0962  0.0000  0.1524  0.1306  0.1036  0.0179
 0.2838  0.3761  0.2459  0.2845  0.1524  0.0000  0.4756  0.3134  0.0547
 0.1490  0.4160  0.9410  0.5095  0.1306  0.4756  0.0000  0.5273  0.1052
 0.5213  0.7384  0.9621  0.3887  0.1036  0.3134  0.5273  0.0000  0.0324
 0.0359  0.0523  0.0708  0.2393  0.0179  0.0547  0.1052  0.0324  0.0000
 0.0000 -0.2504 -0.2074 -0.0941 -0.0200 -0.0314 -0.0591 -0.0181 -0.0406
-0.2504  0.0000 -0.2004 -0.1016 -0.0515 -0.0246 -0.0371 -0.0184 -0.0401
-0.2074 -0.2004  0.0000 -0.1148 -0.0388 -0.0404 -0.0280 -0.0186 -0.0418
-0.0941 -0.1016 -0.1148  0.0000 -0.0756 -0.0871 -0.1802 -0.0156 -0.0172
-0.0200 -0.0515 -0.0388 -0.0756  0.0000 -0.0715 -0.0442 -0.0256 -0.0286
-0.0314 -0.0246 -0.0404 -0.0871 -0.0715  0.0000 -0.0186 -0.0250 -0.0289
-0.0591 -0.0371 -0.0280 -0.1802 -0.0442 -0.0186  0.0000 -0.0247 -0.0274
-0.0181 -0.0184 -0.0186 -0.0156 -0.0256 -0.0250 -0.0247  0.0000 -0.0614
-0.0406 -0.0401 -0.0418 -0.0172 -0.0286 -0.0289 -0.0274 -0.0614  0.0000
