%
% version 2 for mappings 2
% incompatible with the old mappings
%
% Forbidden line data, modified to allow selective read-in
% based on range of atoms and ionisation set in ATDAT.
%
% Data for 6 level atom approximation of NII and OIII
%
%
% FORMAT:
% Title
% # of ions in file
% ion number   
% atom   ion  {read into the f6atom and f6ion arrays}
% wi6   {1x6}   stat weights
% ei6   {6x6}   energy levels
% ai6   {6x6}   trans probs
% omi6  {6x6}   coll str
% tdep6 {6x6}   t dependence of omi (t4^tdep)
%
% RSS 8/90   
%
Six level line data v1.0.0r   
2
1
7 2
1 3 5 5 1 1
0.000000E+00 9.670000E-15 2.598000E-14 3.042530E-12 6.493560E-12 9.294894E-12
9.670000E-15 0.000000E+00 1.630000E-14 3.032850E-12 6.483880E-12 9.285135e-12
2.598000E-14 1.630000E-14 0.000000E+00 3.016550E-12 6.467570E-12 9.284831e-12
3.042530E-12 3.032850E-12 3.016550E-12 0.000000E+00 3.451030E-12 6.252305e-12
6.493560E-12 6.483880E-12 6.467570E-12 3.451030E-12 0.000000E+00 2.801334e-12
9.294894E-12 9.285135e-12 9.284831e-12 6.252305e-12 2.801334e-12 0.000000E+00
0.000E+00 2.080E-06 1.160E-12 5.350E-07 0.000E+00 0.000E+00
0.000E+00 0.000E+00 7.460E-06 1.010E-03 3.380E-02 4.800E+01
0.000E+00 0.000E+00 0.000E+00 2.990E-03 1.510E-04 1.070E+02
0.000E+00 0.000E+00 0.000E+00 0.000E+00 1.120E+00 1.120E+00
0.000E+00 0.000E+00 0.000E+00 0.000E+00 0.000E+00 0.000E+00
0.000E+00 0.000E+00 0.000E+00 0.000E+00 0.000E+00 0.000E+00 
0.0000 0.4010 0.2790 0.2978 0.0391 0.1422
0.4010 0.0000 1.1300 0.8933 0.1173 0.4267
0.2790 1.1300 0.0000 1.4889 0.1956 0.7111
0.2978 0.8933 1.4889 0.0000 0.4110 0.0000
0.0391 0.1173 0.1956 0.4110 0.0000 0.0000
0.1422 0.4267 0.7111 0.0000 0.0000 0.0000
0.0000 0.0000 0.0000 0.0000 0.0000 0.0000 
0.0000 0.0000 0.0000 0.0000 0.0000 0.0000 
0.0000 0.0000 0.0000 0.0000 0.0000 0.0000 
0.0000 0.0000 0.0000 0.0000 0.0000 0.0000
0.0000 0.0000 0.0000 0.0000 0.0000 0.0000
0.0000 0.0000 0.0000 0.0000 0.0000 0.0000
2
8 3
1 3 5 5 1 1 
0.000000E+00 2.249000E-14 6.083000E-14 4.027250E-12 8.578740E-12 1.198422e-11
2.249000E-14 0.000000E+00 3.834000E-14 4.004760E-12 8.556260E-12 1.196179e-11
6.083000E-14 3.834000E-14 0.000000E+00 3.966420E-12 8.517920E-12 1.192333e-11
4.027250E-12 4.004760E-12 3.966420E-12 0.000000E+00 4.551500E-12 7.915771e-12
8.578740E-12 8.556260E-12 8.517920E-12 4.551500E-12 0.000000E+00 3.381028e-12
1.198422e-11 1.196179e-11 1.192333e-11 7.915771e-12 3.381028e-12 0.000000E+00
0.000E+00 2.620E-05 3.020E-11 2.740E-06 0.000E+00 0.000E+00
0.000E+00 0.000E+00 9.760E-05 6.740E-03 2.170E-01 2.120E+02
0.000E+00 0.000E+00 0.000E+00 1.960E-02 5.200E-04 5.220E+02
0.000E+00 0.000E+00 0.000E+00 0.000E+00 1.780E+00 0.000E+00
0.000E+00 0.000E+00 0.000E+00 0.000E+00 0.000E+00 0.000E+00
0.000E+00 0.000E+00 0.000E+00 0.000E+00 0.000E+00 0.000E+00
0.0000 0.5420 0.2710 0.2411 0.0307 0.1360
0.5420 0.0000 1.2900 0.7233 0.0902 0.4080
0.2710 1.2900 0.0000 1.2056 0.1530 0.6800
0.2411 0.7233 1.2056 0.0000 0.6200 0.0000
0.0307 0.0902 0.1530 0.6200 0.0000 0.0000
0.1360 0.4080 0.6800 0.0000 0.0000 0.0000
0.0000 0.0000 0.0000 0.1400 0.1860 0.0000
0.0000 0.0000 0.0000 0.1400 0.1860 0.0000
0.0000 0.0000 0.0000 0.1400 0.1860 0.0000
0.1400 0.1400 0.1400 0.0000 0.0000 0.0000
0.1860 0.1860 0.1860 0.0000 0.0000 0.0000
0.0000 0.0000 0.0000 0.0000 0.0000 0.0000 

